0.759612 1.51344 2.25576 2.9809 3.68336 4.35779 4.99905 5.60226 6.16284 6.67652 7.13938 7.54791 7.89899 8.18996 8.4186 8.58317 8.68241 8.71557 8.68241 8.58317 8.4186 8.18996 7.89899 7.54791 7.13938 6.67652 6.16284 5.60226 4.99905 4.35779 3.68336 2.9809 2.25576 1.51344 0.759612 1.51344 3.01537 4.49435 5.93912 7.33869 8.68241 9.96005 11.1619 12.2788 13.3022 14.2244 15.0384 15.7379 16.3176 16.7731 17.101 17.2987 17.3648 17.2987 17.101 16.7731 16.3176 15.7379 15.0384 14.2244 13.3022 12.2788 11.1619 9.96005 8.68241 7.33869 5.93912 4.49435 3.01537 1.51344 2.25576 4.49435 6.69873 8.85213 10.9382 12.941 14.8453 16.6366 18.3013 19.8267 21.2012 22.4144 23.457 24.321 25 25.4887 25.7834 25.8819 25.7834 25.4887 25 24.321 23.457 22.4144 21.2012 19.8267 18.3013 16.6366 14.8453 12.941 10.9382 8.85213 6.69873 4.49435 2.25576 2.9809 5.93912 8.85213 11.6978 14.4544 17.101 19.6175 21.9846 24.1845 26.2003 28.0166 29.6198 30.9976 32.1394 33.0366 33.6824 34.0719 34.202 34.0719 33.6824 33.0366 32.1394 30.9976 29.6198 28.0166 26.2003 24.1845 21.9846 19.6175 17.101 14.4544 11.6978 8.85213 5.93912 2.9809 3.68336 7.33869 10.9382 14.4544 17.8606 21.1309 24.2404 27.1654 29.8836 32.3744 34.6189 36.5998 38.3022 39.7131 40.8218 41.6198 42.101 42.2618 42.101 41.6198 40.8218 39.7131 38.3022 36.5998 34.6189 32.3744 29.8836 27.1654 24.2404 21.1309 17.8606 14.4544 10.9382 7.33869 3.68336 4.35779 8.68241 12.941 17.101 21.1309 25 28.6788 32.1394 35.3553 38.3022 40.9576 43.3013 45.3154 46.9846 48.2963 49.2404 49.8097 50 49.8097 49.2404 48.2963 46.9846 45.3154 43.3013 40.9576 38.3022 35.3553 32.1394 28.6788 25 21.1309 17.101 12.941 8.68241 4.35779 4.99905 9.96005 14.8453 19.6175 24.2404 28.6788 32.899 36.8688 40.558 43.9385 46.9846 49.6732 51.9837 53.8986 55.4032 56.4863 57.1394 57.3576 57.1394 56.4863 55.4032 53.8986 51.9837 49.6732 46.9846 43.9385 40.558 36.8688 32.899 28.6788 24.2404 19.6175 14.8453 9.96005 4.99905 5.60226 11.1619 16.6366 21.9846 27.1654 32.1394 36.8688 41.3176 45.4519 49.2404 52.6541 55.667 58.2563 60.4023 62.0885 63.3022 64.0342 64.2788 64.0342 63.3022 62.0885 60.4023 58.2563 55.667 52.6541 49.2404 45.4519 41.3176 36.8688 32.1394 27.1654 21.9846 16.6366 11.1619 5.60226 6.16284 12.2788 18.3013 24.1845 29.8836 35.3553 40.558 45.4519 50 54.1675 57.9228 61.2372 64.0856 66.4463 68.3013 69.6364 70.4416 70.7107 70.4416 69.6364 68.3013 66.4463 64.0856 61.2372 57.9228 54.1675 50 45.4519 40.558 35.3553 29.8836 24.1845 18.3013 12.2788 6.16284 6.67652 13.3022 19.8267 26.2003 32.3744 38.3022 43.9385 49.2404 54.1675 58.6824 62.7507 66.3414 69.4272 71.9846 73.9942 75.4407 76.3129 76.6044 76.3129 75.4407 73.9942 71.9846 69.4272 66.3414 62.7507 58.6824 54.1675 49.2404 43.9385 38.3022 32.3744 26.2003 19.8267 13.3022 6.67652 7.13938 14.2244 21.2012 28.0166 34.6189 40.9576 46.9846 52.6541 57.9228 62.7507 67.101 70.9406 74.2404 76.9751 79.124 80.6707 81.6035 81.9152 81.6035 80.6707 79.124 76.9751 74.2404 70.9406 67.101 62.7507 57.9228 52.6541 46.9846 40.9576 34.6189 28.0166 21.2012 14.2244 7.13938 7.54791 15.0384 22.4144 29.6198 36.5998 43.3013 49.6732 55.667 61.2372 66.3414 70.9406 75 78.4886 81.3798 83.6516 85.2869 86.273 86.6025 86.273 85.2869 83.6516 81.3798 78.4886 75 70.9406 66.3414 61.2372 55.667 49.6732 43.3013 36.5998 29.6198 22.4144 15.0384 7.54791 7.89899 15.7379 23.457 30.9976 38.3022 45.3154 51.9837 58.2563 64.0856 69.4272 74.2404 78.4886 82.1394 85.1651 87.5426 89.2539 90.2859 90.6308 90.2859 89.2539 87.5426 85.1651 82.1394 78.4886 74.2404 69.4272 64.0856 58.2563 51.9837 45.3154 38.3022 30.9976 23.457 15.7379 7.89899 8.18996 16.3176 24.321 32.1394 39.7131 46.9846 53.8986 60.4023 66.4463 71.9846 76.9751 81.3798 85.1651 88.3022 90.7673 92.5417 93.6117 93.9693 93.6117 92.5417 90.7673 88.3022 85.1651 81.3798 76.9751 71.9846 66.4463 60.4023 53.8986 46.9846 39.7131 32.1394 24.321 16.3176 8.18996 8.4186 16.7731 25 33.0366 40.8218 48.2963 55.4032 62.0885 68.3013 73.9942 79.124 83.6516 87.5426 90.7673 93.3013 95.1251 96.225 96.5926 96.225 95.1251 93.3013 90.7673 87.5426 83.6516 79.124 73.9942 68.3013 62.0885 55.4032 48.2963 40.8218 33.0366 25 16.7731 8.4186 8.58317 17.101 25.4887 33.6824 41.6198 49.2404 56.4863 63.3022 69.6364 75.4407 80.6707 85.2869 89.2539 92.5417 95.1251 96.9846 98.106 98.4808 98.106 96.9846 95.1251 92.5417 89.2539 85.2869 80.6707 75.4407 69.6364 63.3022 56.4863 49.2404 41.6198 33.6824 25.4887 17.101 8.58317 8.68241 17.2987 25.7834 34.0719 42.101 49.8097 57.1394 64.0342 70.4416 76.3129 81.6035 86.273 90.2859 93.6117 96.225 98.106 99.2404 99.6195 99.2404 98.106 96.225 93.6117 90.2859 86.273 81.6035 76.3129 70.4416 64.0342 57.1394 49.8097 42.101 34.0719 25.7834 17.2987 8.68241 8.71557 17.3648 25.8819 34.202 42.2618 50 57.3576 64.2788 70.7107 76.6044 81.9152 86.6025 90.6308 93.9693 96.5926 98.4808 99.6195 100 99.6195 98.4808 96.5926 93.9693 90.6308 86.6025 81.9152 76.6044 70.7107 64.2788 57.3576 50 42.2618 34.202 25.8819 17.3648 8.71557 8.68241 17.2987 25.7834 34.0719 42.101 49.8097 57.1394 64.0342 70.4416 76.3129 81.6035 86.273 90.2859 93.6117 96.225 98.106 99.2404 99.6195 99.2404 98.106 96.225 93.6117 90.2859 86.273 81.6035 76.3129 70.4416 64.0342 57.1394 49.8097 42.101 34.0719 25.7834 17.2987 8.68241 8.58317 17.101 25.4887 33.6824 41.6198 49.2404 56.4863 63.3022 69.6364 75.4407 80.6707 85.2869 89.2539 92.5417 95.1251 96.9846 98.106 98.4808 98.106 96.9846 95.1251 92.5417 89.2539 85.2869 80.6707 75.4407 69.6364 63.3022 56.4863 49.2404 41.6198 33.6824 25.4887 17.101 8.58317 8.4186 16.7731 25 33.0366 40.8218 48.2963 55.4032 62.0885 68.3013 73.9942 79.124 83.6516 87.5426 90.7673 93.3013 95.1251 96.225 96.5926 96.225 95.1251 93.3013 90.7673 87.5426 83.6516 79.124 73.9942 68.3013 62.0885 55.4032 48.2963 40.8218 33.0366 25 16.7731 8.4186 8.18996 16.3176 24.321 32.1394 39.7131 46.9846 53.8986 60.4023 66.4463 71.9846 76.9751 81.3798 85.1651 88.3022 90.7673 92.5417 93.6117 93.9693 93.6117 92.5417 90.7673 88.3022 85.1651 81.3798 76.9751 71.9846 66.4463 60.4023 53.8986 46.9846 39.7131 32.1394 24.321 16.3176 8.18996 7.89899 15.7379 23.457 30.9976 38.3022 45.3154 51.9837 58.2563 64.0856 69.4272 74.2404 78.4886 82.1394 85.1651 87.5426 89.2539 90.2859 90.6308 90.2859 89.2539 87.5426 85.1651 82.1394 78.4886 74.2404 69.4272 64.0856 58.2563 51.9837 45.3154 38.3022 30.9976 23.457 15.7379 7.89899 7.54791 15.0384 22.4144 29.6198 36.5998 43.3013 49.6732 55.667 61.2372 66.3414 70.9406 75 78.4886 81.3798 83.6516 85.2869 86.273 86.6025 86.273 85.2869 83.6516 81.3798 78.4886 75 70.9406 66.3414 61.2372 55.667 49.6732 43.3013 36.5998 29.6198 22.4144 15.0384 7.54791 7.13938 14.2244 21.2012 28.0166 34.6189 40.9576 46.9846 52.6541 57.9228 62.7507 67.101 70.9406 74.2404 76.9751 79.124 80.6707 81.6035 81.9152 81.6035 80.6707 79.124 76.9751 74.2404 70.9406 67.101 62.7507 57.9228 52.6541 46.9846 40.9576 34.6189 28.0166 21.2012 14.2244 7.13938 6.67652 13.3022 19.8267 26.2003 32.3744 38.3022 43.9385 49.2404 54.1675 58.6824 62.7507 66.3414 69.4272 71.9846 73.9942 75.4407 76.3129 76.6044 76.3129 75.4407 73.9942 71.9846 69.4272 66.3414 62.7507 58.6824 54.1675 49.2404 43.9385 38.3022 32.3744 26.2003 19.8267 13.3022 6.67652 6.16284 12.2788 18.3013 24.1845 29.8836 35.3553 40.558 45.4519 50 54.1675 57.9228 61.2372 64.0856 66.4463 68.3013 69.6364 70.4416 70.7107 70.4416 69.6364 68.3013 66.4463 64.0856 61.2372 57.9228 54.1675 50 45.4519 40.558 35.3553 29.8836 24.1845 18.3013 12.2788 6.16284 5.60226 11.1619 16.6366 21.9846 27.1654 32.1394 36.8688 41.3176 45.4519 49.2404 52.6541 55.667 58.2563 60.4023 62.0885 63.3022 64.0342 64.2788 64.0342 63.3022 62.0885 60.4023 58.2563 55.667 52.6541 49.2404 45.4519 41.3176 36.8688 32.1394 27.1654 21.9846 16.6366 11.1619 5.60226 4.99905 9.96005 14.8453 19.6175 24.2404 28.6788 32.899 36.8688 40.558 43.9385 46.9846 49.6732 51.9837 53.8986 55.4032 56.4863 57.1394 57.3576 57.1394 56.4863 55.4032 53.8986 51.9837 49.6732 46.9846 43.9385 40.558 36.8688 32.899 28.6788 24.2404 19.6175 14.8453 9.96005 4.99905 4.35779 8.68241 12.941 17.101 21.1309 25 28.6788 32.1394 35.3553 38.3022 40.9576 43.3013 45.3154 46.9846 48.2963 49.2404 49.8097 50 49.8097 49.2404 48.2963 46.9846 45.3154 43.3013 40.9576 38.3022 35.3553 32.1394 28.6788 25 21.1309 17.101 12.941 8.68241 4.35779 3.68336 7.33869 10.9382 14.4544 17.8606 21.1309 24.2404 27.1654 29.8836 32.3744 34.6189 36.5998 38.3022 39.7131 40.8218 41.6198 42.101 42.2618 42.101 41.6198 40.8218 39.7131 38.3022 36.5998 34.6189 32.3744 29.8836 27.1654 24.2404 21.1309 17.8606 14.4544 10.9382 7.33869 3.68336 2.9809 5.93912 8.85213 11.6978 14.4544 17.101 19.6175 21.9846 24.1845 26.2003 28.0166 29.6198 30.9976 32.1394 33.0366 33.6824 34.0719 34.202 34.0719 33.6824 33.0366 32.1394 30.9976 29.6198 28.0166 26.2003 24.1845 21.9846 19.6175 17.101 14.4544 11.6978 8.85213 5.93912 2.9809 2.25576 4.49435 6.69873 8.85213 10.9382 12.941 14.8453 16.6366 18.3013 19.8267 21.2012 22.4144 23.457 24.321 25 25.4887 25.7834 25.8819 25.7834 25.4887 25 24.321 23.457 22.4144 21.2012 19.8267 18.3013 16.6366 14.8453 12.941 10.9382 8.85213 6.69873 4.49435 2.25576 1.51344 3.01537 4.49435 5.93912 7.33869 8.68241 9.96005 11.1619 12.2788 13.3022 14.2244 15.0384 15.7379 16.3176 16.7731 17.101 17.2987 17.3648 17.2987 17.101 16.7731 16.3176 15.7379 15.0384 14.2244 13.3022 12.2788 11.1619 9.96005 8.68241 7.33869 5.93912 4.49435 3.01537 1.51344 0.759612 1.51344 2.25576 2.9809 3.68336 4.35779 4.99905 5.60226 6.16284 6.67652 7.13938 7.54791 7.89899 8.18996 8.4186 8.58317 8.68241 8.71557 8.68241 8.58317 8.4186 8.18996 7.89899 7.54791 7.13938 6.67652 6.16284 5.60226 4.99905 4.35779 3.68336 2.9809 2.25576 1.51344 0.759612 
0.981897 1.65455 2.30021 2.95471 3.60866 4.24855 4.8635 5.44535 5.98778 6.48566 6.93471 7.33124 7.67211 7.95465 8.17668 8.3365 8.43289 8.4651 8.43289 8.33651 8.17669 7.95467 7.67214 7.33132 6.93489 6.48604 5.9886 5.44715 4.86747 4.25742 3.6289 3.00204 2.41492 1.94695 1.78069 2.38738 3.40869 4.61443 5.89649 7.19298 8.46584 9.69038 10.8494 11.93 12.922 13.8167 14.6067 15.2858 15.8488 16.2911 16.6096 16.8016 16.8658 16.8016 16.6096 16.2912 15.8488 15.2859 14.6068 13.817 12.9227 11.9316 10.8527 9.69761 8.4817 7.22812 5.9752 4.79257 3.8152 3.31365 3.82781 5.18071 6.91412 8.80192 10.7259 12.6201 14.4441 16.1711 17.7816 19.26 20.5935 21.771 22.7832 23.6222 24.2816 24.7562 25.0424 25.1381 25.0424 24.7562 24.2816 23.6223 22.7833 21.7712 20.5939 19.261 17.7837 16.1755 14.4535 12.6404 10.7698 8.89661 7.11838 5.61908 4.75695 5.23816 6.92531 9.17021 11.6453 14.1797 16.6793 19.0883 21.37 23.4979 25.4515 27.2136 28.7696 30.1072 31.216 32.0873 32.7145 33.0927 33.2191 33.0927 32.7145 32.0873 31.216 30.1073 28.7698 27.2141 25.4526 23.5004 21.3751 19.099 16.702 14.2275 11.7459 9.38112 7.36434 6.14352 6.60371 8.61947 11.3597 14.4023 17.5268 20.6123 23.5876 26.4063 29.0355 31.4493 33.6266 35.5492 37.2021 38.5721 39.6487 40.4237 40.8911 41.0473 40.8911 40.4237 39.6488 38.5722 37.2022 35.5495 33.6271 31.4506 29.0381 26.4118 23.5989 20.6358 17.5756 14.5033 11.5679 9.04676 7.47597 7.91591 10.248 13.4638 17.0507 20.7413 24.3889 27.9076 31.2419 34.3522 37.2078 39.7836 42.0584 44.0138 45.6347 46.9085 47.8253 48.3783 48.5631 48.3783 47.8254 46.9085 45.6348 44.014 42.0587 39.7843 37.2091 34.3548 31.2473 27.9189 24.4122 20.7891 17.1489 13.6645 10.6574 8.74863 9.16629 11.7981 15.4655 19.5697 23.7981 27.98 32.0153 35.8397 39.4074 42.6832 45.638 48.2474 50.4906 52.35 53.8112 54.863 55.4973 55.7093 55.4973 54.863 53.8112 52.35 50.4907 48.2477 45.6386 42.6844 39.41 35.845 32.0263 28.0025 23.844 19.6633 15.6561 12.1857 9.9535 10.3461 13.2581 17.3496 21.9398 26.674 31.3583 35.8795 40.1648 44.1628 47.8337 51.145 54.0692 56.5831 58.6668 60.3044 61.4831 62.1939 62.4315 62.1939 61.4831 60.3044 58.6669 56.5832 54.0695 51.1456 47.8349 44.1652 40.1699 35.8899 31.3795 26.7171 22.0276 17.5281 13.6207 11.0821 11.4469 14.6171 19.1015 24.143 29.3469 34.498 39.4706 44.1842 48.582 52.6201 56.2627 59.4796 62.245 64.5372 66.3386 67.6352 68.4172 68.6785 68.4172 67.6353 66.3386 64.5373 62.2451 59.4799 56.2633 52.6213 48.5844 44.189 39.4802 34.5176 29.3868 24.2242 19.2664 14.9518 12.1261 12.4604 15.8647 20.7081 26.1624 31.7964 37.3751 42.7613 47.8674 52.6316 57.0061 60.9523 64.4373 67.4331 69.9164 71.8679 73.2727 74.1198 74.4029 74.1198 73.2727 71.868 69.9165 67.4332 64.4375 60.9528 57.0072 52.6337 47.8718 42.7701 37.393 31.8328 26.2363 20.858 16.169 13.0777 13.3789 16.9916 22.157 27.9827 34.004 39.9678 45.7266 51.1863 56.2805 60.9583 65.178 68.9045 72.1081 74.7635 76.8503 78.3525 79.2583 79.5611 79.2583 78.3525 76.8504 74.7636 72.1082 68.9048 65.1785 60.9592 56.2824 51.1902 45.7345 39.9838 34.0365 28.0487 22.2908 17.2631 13.9298 14.1956 17.9891 23.4373 29.5901 35.9528 42.2563 48.3439 54.1156 59.5012 64.4465 68.9076 72.8474 76.2342 79.0416 81.2479 82.8359 83.7936 84.1137 83.7936 82.8359 81.2479 79.0417 76.2343 72.8476 68.908 64.4474 59.5029 54.119 48.3508 42.2703 35.9811 29.6476 23.5539 18.2257 14.6758 14.9042 18.8496 24.5392 30.9722 37.628 44.2232 50.5933 56.6331 62.269 67.4443 72.1129 76.2358 79.7802 82.7182 85.027 86.689 87.6912 88.0262 87.6912 86.689 85.0271 82.7182 79.7803 76.236 72.1132 67.445 62.2704 56.636 50.5991 44.235 37.6519 31.0208 24.6378 19.0497 15.3101 15.4995 19.5668 25.4544 32.1187 39.0168 45.8536 52.4576 58.7196 64.5629 69.9288 74.7693 79.0441 82.719 85.7652 88.1591 89.8822 90.9214 91.2687 90.9214 89.8822 88.1591 85.7652 82.7191 79.0442 74.7695 69.9293 64.564 58.7219 52.4623 45.8631 39.0361 32.158 25.5341 19.7286 15.8279 15.9767 20.1349 26.1758 33.0206 40.1086 47.135 53.9227 60.3592 66.3654 71.881 76.8566 81.2508 85.0283 88.1595 90.6202 92.3915 93.4597 93.8166 93.4597 92.3915 90.6202 88.1595 85.0283 81.2509 76.8568 71.8814 66.3663 60.3609 53.9262 47.1422 40.1233 33.0504 26.2361 20.2574 16.2253 16.3323 20.5499 26.698 33.6713 40.8952 48.0576 54.9774 61.5394 67.6629 73.2862 78.359 82.8391 86.6904 89.8829 92.3917 94.1975 95.2866 95.6506 95.2866 94.1975 92.3917 89.8829 86.6904 82.8391 78.3592 73.2865 67.6635 61.5406 54.9798 48.0625 40.9051 33.6913 26.7385 20.6321 16.4991 16.5637 20.8085 27.017 34.0657 41.3706 48.6145 55.6137 62.2512 68.4454 74.1337 79.2651 83.7969 87.6928 90.9221 93.46 95.2867 96.3884 96.7565 96.3884 95.2867 93.46 90.9221 87.6928 83.797 79.2652 74.1338 68.4457 62.2518 55.6149 48.617 41.3755 34.0758 27.0373 20.8497 16.6474 16.669 20.9086 27.1304 34.2009 41.5311 48.8015 55.8267 62.4893 68.707 74.4169 79.5679 84.117 88.0278 91.2695 93.817 95.6507 96.7566 97.1261 96.7566 95.6507 93.817 91.2695 88.0278 84.117 79.5679 74.4169 68.707 62.4893 55.8267 48.8015 41.5311 34.2009 27.1304 20.9086 16.669 16.6474 20.8497 27.0373 34.0758 41.3755 48.617 55.6149 62.2518 68.4457 74.1338 79.2652 83.797 87.6928 90.9221 93.46 95.2867 96.3884 96.7565 96.3884 95.2867 93.46 90.9221 87.6928 83.7969 79.2651 74.1337 68.4454 62.2512 55.6137 48.6145 41.3706 34.0657 27.017 20.8085 16.5637 16.4991 20.6321 26.7385 33.6913 40.9051 48.0625 54.9798 61.5406 67.6635 73.2865 78.3592 82.8391 86.6904 89.8829 92.3917 94.1975 95.2866 95.6506 95.2866 94.1975 92.3917 89.8829 86.6904 82.8391 78.359 73.2862 67.6629 61.5394 54.9774 48.0576 40.8952 33.6713 26.698 20.5499 16.3323 16.2253 20.2574 26.2361 33.0504 40.1233 47.1422 53.9262 60.3609 66.3663 71.8814 76.8568 81.2509 85.0283 88.1595 90.6202 92.3915 93.4597 93.8166 93.4597 92.3915 90.6202 88.1595 85.0283 81.2508 76.8566 71.881 66.3654 60.3592 53.9227 47.135 40.1086 33.0206 26.1758 20.1349 15.9767 15.8279 19.7286 25.5341 32.158 39.0361 45.8631 52.4623 58.7219 64.564 69.9293 74.7695 79.0442 82.7191 85.7652 88.1591 89.8822 90.9214 91.2687 90.9214 89.8822 88.1591 85.7652 82.719 79.0441 74.7693 69.9288 64.5629 58.7196 52.4576 45.8536 39.0168 32.1187 25.4544 19.5668 15.4995 15.3101 19.0497 24.6378 31.0208 37.6519 44.235 50.5991 56.636 62.2704 67.445 72.1132 76.236 79.7803 82.7182 85.0271 86.689 87.6912 88.0262 87.6912 86.689 85.027 82.7182 79.7802 76.2358 72.1129 67.4443 62.269 56.6331 50.5933 44.2232 37.628 30.9722 24.5392 18.8496 14.9042 14.6758 18.2257 23.5539 29.6476 35.9811 42.2703 48.3508 54.119 59.5029 64.4474 68.908 72.8476 76.2343 79.0417 81.2479 82.8359 83.7936 84.1137 83.7936 82.8359 81.2479 79.0416 76.2342 72.8474 68.9076 64.4465 59.5012 54.1156 48.3439 42.2563 35.9528 29.5901 23.4373 17.9891 14.1956 13.9298 17.2631 22.2908 28.0487 34.0365 39.9838 45.7345 51.1902 56.2824 60.9592 65.1785 68.9048 72.1082 74.7636 76.8504 78.3525 79.2583 79.5611 79.2583 78.3525 76.8503 74.7635 72.1081 68.9045 65.178 60.9583 56.2805 51.1863 45.7266 39.9678 34.004 27.9827 22.157 16.9916 13.3789 13.0777 16.169 20.858 26.2363 31.8328 37.393 42.7701 47.8718 52.6337 57.0072 60.9528 64.4375 67.4332 69.9165 71.868 73.2727 74.1198 74.4029 74.1198 73.2727 71.8679 69.9164 67.4331 64.4373 60.9523 57.0061 52.6316 47.8674 42.7613 37.3751 31.7964 26.1624 20.7081 15.8647 12.4604 12.1261 14.9518 19.2664 24.2242 29.3868 34.5176 39.4802 44.189 48.5844 52.6213 56.2633 59.4799 62.2451 64.5373 66.3386 67.6353 68.4172 68.6785 68.4172 67.6352 66.3386 64.5372 62.245 59.4796 56.2627 52.6201 48.582 44.1842 39.4706 34.498 29.3469 24.143 19.1015 14.6171 11.4469 11.0821 13.6207 17.5281 22.0276 26.7171 31.3795 35.8899 40.1699 44.1652 47.8349 51.1456 54.0695 56.5832 58.6669 60.3044 61.4831 62.1939 62.4315 62.1939 61.4831 60.3044 58.6668 56.5831 54.0692 51.145 47.8337 44.1628 40.1648 35.8795 31.3583 26.674 21.9398 17.3496 13.2581 10.3461 9.9535 12.1857 15.6561 19.6633 23.844 28.0025 32.0263 35.845 39.41 42.6844 45.6386 48.2477 50.4907 52.35 53.8112 54.863 55.4973 55.7093 55.4973 54.863 53.8112 52.35 50.4906 48.2474 45.638 42.6832 39.4074 35.8397 32.0153 27.98 23.7981 19.5697 15.4655 11.7981 9.16629 8.74863 10.6574 13.6645 17.1489 20.7891 24.4122 27.9189 31.2473 34.3548 37.2091 39.7843 42.0587 44.014 45.6348 46.9085 47.8254 48.3783 48.5631 48.3783 47.8253 46.9085 45.6347 44.0138 42.0584 39.7836 37.2078 34.3522 31.2419 27.9076 24.3889 20.7413 17.0507 13.4638 10.248 7.91591 7.47597 9.04676 11.5679 14.5033 17.5756 20.6358 23.5989 26.4118 29.0381 31.4506 33.6271 35.5495 37.2022 38.5722 39.6488 40.4237 40.8911 41.0473 40.8911 40.4237 39.6487 38.5721 37.2021 35.5492 33.6266 31.4493 29.0355 26.4063 23.5876 20.6123 17.5268 14.4023 11.3597 8.61947 6.60371 6.14352 7.36434 9.38112 11.7459 14.2275 16.702 19.099 21.3751 23.5004 25.4526 27.2141 28.7698 30.1073 31.216 32.0873 32.7145 33.0927 33.2191 33.0927 32.7145 32.0873 31.216 30.1072 28.7696 27.2136 25.4515 23.4979 21.37 19.0883 16.6793 14.1797 11.6453 9.17021 6.92531 5.23816 4.75695 5.61908 7.11838 8.89661 10.7698 12.6404 14.4535 16.1755 17.7837 19.261 20.5939 21.7712 22.7833 23.6223 24.2816 24.7562 25.0424 25.1381 25.0424 24.7562 24.2816 23.6222 22.7832 21.771 20.5935 19.26 17.7816 16.1711 14.4441 12.6201 10.7259 8.80192 6.91412 5.18071 3.82781 3.31365 3.8152 4.79257 5.9752 7.22812 8.4817 9.69761 10.8527 11.9316 12.9227 13.817 14.6068 15.2859 15.8488 16.2912 16.6096 16.8016 16.8658 16.8016 16.6096 16.2911 15.8488 15.2858 14.6067 13.8167 12.922 11.93 10.8494 9.69038 8.46584 7.19298 5.89649 4.61443 3.40869 2.38738 1.78069 1.94695 2.41492 3.00204 3.6289 4.25742 4.86747 5.44715 5.9886 6.48604 6.93489 7.33132 7.67214 7.95467 8.17669 8.33651 8.43289 8.4651 8.43289 8.3365 8.17668 7.95465 7.67211 7.33124 6.93471 6.48566 5.98778 5.44535 4.8635 4.24855 3.60866 2.95471 2.30021 1.65455 0.981897 
1.17405 1.8259 2.39638 2.97655 3.57078 4.16541 4.74615 5.30149 5.82271 6.30311 6.7375 7.12167 7.45221 7.72636 7.94186 8.09701 8.19059 8.22187 8.1906 8.09704 7.94191 7.72646 7.45242 7.12207 6.7383 6.30473 5.82594 5.30796 4.75914 4.19162 3.62405 3.08619 2.627 2.32941 2.34211 2.96913 3.82133 4.83252 5.9503 7.12165 8.30193 9.45732 10.5631 11.6013 12.5583 13.4238 14.1892 14.8477 15.3939 15.8233 16.1324 16.3189 16.3812 16.3189 16.1325 15.8234 15.3941 14.8481 14.1899 13.4253 12.5614 11.6074 10.5752 9.48126 8.34945 7.21588 6.13699 5.2015 4.54525 4.35869 4.8383 5.87003 7.27427 8.89816 10.6269 12.379 14.0982 15.7451 17.2919 18.7182 20.0079 21.1487 22.1302 22.9443 23.5843 24.045 24.3229 24.4158 24.3229 24.0451 23.5844 22.9446 22.1308 21.1498 20.01 18.7224 17.3002 15.7613 14.13 12.441 10.7467 9.12763 7.70712 6.66694 6.24665 6.67517 7.90078 9.68164 11.7907 14.0578 16.3652 18.6333 20.808 22.8513 24.7357 26.4399 27.9473 29.2444 30.3201 31.1658 31.7746 32.1419 32.2646 32.1419 31.7747 31.166 30.3204 29.245 27.9486 26.4424 24.7407 22.8611 20.827 18.6699 16.4353 14.1905 12.0385 10.1353 8.70775 8.05213 8.45413 9.87808 12.0239 14.5999 17.3857 20.2291 23.0278 25.7132 28.2371 30.5651 32.6707 34.5332 36.1359 37.4652 38.5101 39.2624 39.7162 39.8679 39.7162 39.2625 38.5103 37.4655 36.1367 34.5347 32.6735 30.5706 28.2477 25.7335 23.0667 20.3024 17.5225 14.8512 12.4756 10.6677 9.78178 10.163 11.7809 14.2777 17.301 20.5834 23.9403 27.2479 30.4231 33.4083 36.162 38.653 40.8564 42.7525 44.3251 45.5614 46.4514 46.9883 47.1677 46.9883 46.4515 45.5616 44.3255 42.7533 40.8579 38.6559 36.1677 33.4192 30.4438 27.2871 24.0136 20.7188 17.5469 14.7154 12.5394 11.4304 11.791 13.5935 16.4237 19.8716 23.6256 27.4701 31.2611 34.9017 38.3253 41.4838 44.3411 46.8687 49.0437 50.8477 52.2659 53.2869 53.9027 54.1086 53.9028 53.287 52.2661 50.8481 49.0445 46.8702 44.344 41.4895 38.3361 34.9221 31.2993 27.5412 23.7558 20.1068 16.8402 14.3123 12.989 13.3274 15.302 18.4448 22.2914 26.4884 30.7913 35.0366 39.1149 42.9508 46.49 49.6918 52.5242 54.9617 56.9833 58.5726 59.7168 60.407 60.6376 60.407 59.7169 58.5728 56.9837 54.9624 52.5257 49.6946 46.4954 42.9611 39.1344 35.073 30.8586 26.6113 22.5126 18.8353 15.9746 14.4471 14.7614 16.8935 20.3254 24.5417 29.1498 33.8782 38.5456 43.0305 47.2494 51.1424 54.6643 57.7801 60.4613 62.6852 64.4335 65.6923 66.4515 66.7052 66.4515 65.6924 64.4337 62.6856 60.4621 57.7815 54.667 51.1475 47.2591 43.0487 38.5796 33.9408 29.2638 24.7464 20.6863 17.5145 15.7946 16.0824 18.3561 22.0512 26.6052 31.5894 36.7074 41.7614 46.6187 51.1885 55.4055 59.2208 62.5962 65.5009 67.9101 69.8041 71.1677 71.9902 72.2651 71.9903 71.1678 69.8043 67.9105 65.5016 62.5975 59.2233 55.4102 51.1974 46.6354 41.7924 36.7645 31.6932 26.7915 22.3795 18.9207 17.0215 17.2808 19.6789 23.6092 28.4662 33.7886 39.2573 44.6593 49.8521 54.738 59.247 63.3267 66.9359 70.0419 72.6181 74.6435 76.1016 76.9811 77.275 76.9811 76.1017 74.6436 72.6185 70.0425 66.9371 63.3289 59.2513 54.746 49.8671 44.687 39.3083 33.8814 28.6326 23.9022 20.1827 18.1187 18.3475 20.8518 24.9874 30.1106 35.7307 41.5084 47.2174 52.7061 57.871 62.6376 66.9505 70.7662 74.0499 76.7735 78.9147 80.4563 81.3861 81.6968 81.3861 80.4564 78.9148 76.7738 74.0504 70.7672 66.9525 62.6414 57.878 52.7192 47.2416 41.553 35.8116 30.2557 25.2428 21.2909 19.0779 19.2745 21.8659 26.1754 31.5258 37.4008 43.4436 49.4161 55.159 60.5635 65.5516 70.0649 74.0579 77.4943 80.3446 82.5854 84.1986 85.1717 85.4969 85.1717 84.1987 82.5855 80.3448 77.4948 74.0588 70.0665 65.5547 60.5694 55.1701 49.4366 43.4813 37.4692 31.6484 26.3913 22.2371 19.8918 20.0548 22.7137 27.1642 32.701 38.7863 45.0482 51.2387 57.1921 62.7951 67.9666 72.646 76.786 80.349 83.3042 85.6275 87.3002 88.3091 88.6463 88.3091 87.3002 85.6276 83.3044 80.3493 76.7868 72.6473 67.9691 62.7999 57.2011 51.2553 45.0787 38.8417 32.8003 27.3389 23.014 20.5544 20.6824 23.3885 27.9462 33.6274 39.8766 46.31 52.6714 58.79 64.5488 69.8643 74.6742 78.9298 82.5921 85.6298 88.018 89.7373 90.7744 91.121 90.7744 89.7374 88.018 85.63 82.5924 78.9303 74.6752 69.8663 64.5524 58.7967 52.6839 46.333 39.9185 33.7025 28.0785 23.6158 21.0604 21.1526 23.8853 28.5156 34.2979 40.6634 47.2193 53.7032 59.9404 65.8112 71.2304 76.1341 80.4728 84.2066 87.3037 89.7385 91.4915 92.5489 92.9022 92.5489 91.4916 89.7386 87.3038 84.2068 80.4731 76.1348 71.2317 65.8136 59.9449 53.7116 47.2347 40.6916 34.3483 28.6043 24.0378 21.4062 21.4618 24.2004 28.8679 34.7073 41.1408 47.7692 54.3263 60.6346 66.5728 72.0543 77.0146 81.4033 85.1803 88.3132 90.7762 92.5494 93.619 93.9764 93.619 92.5494 90.7762 88.3133 85.1804 81.4035 77.0149 72.055 66.574 60.6369 54.3305 47.777 41.1549 34.7326 28.9124 24.2769 21.5891 21.6077 24.3312 29.0005 34.8525 41.305 47.9556 54.5359 60.8674 66.8277 72.3299 77.309 81.7144 85.5058 88.6506 91.1229 92.903 93.9766 94.3354 93.9766 92.903 91.1229 88.6506 85.5058 81.7144 77.309 72.3299 66.8277 60.8674 54.5359 47.9556 41.305 34.8525 29.0005 24.3312 21.6077 21.5891 24.2769 28.9124 34.7326 41.1549 47.777 54.3305 60.6369 66.574 72.055 77.0149 81.4035 85.1804 88.3133 90.7762 92.5494 93.619 93.9764 93.619 92.5494 90.7762 88.3132 85.1803 81.4033 77.0146 72.0543 66.5728 60.6346 54.3263 47.7692 41.1408 34.7073 28.8679 24.2004 21.4618 21.4062 24.0378 28.6043 34.3483 40.6916 47.2347 53.7116 59.9449 65.8136 71.2317 76.1348 80.4731 84.2068 87.3038 89.7386 91.4916 92.5489 92.9022 92.5489 91.4915 89.7385 87.3037 84.2066 80.4728 76.1341 71.2304 65.8112 59.9404 53.7032 47.2193 40.6634 34.2979 28.5156 23.8853 21.1526 21.0604 23.6158 28.0785 33.7025 39.9185 46.333 52.6839 58.7967 64.5524 69.8663 74.6752 78.9303 82.5924 85.63 88.018 89.7374 90.7744 91.121 90.7744 89.7373 88.018 85.6298 82.5921 78.9298 74.6742 69.8643 64.5488 58.79 52.6714 46.31 39.8766 33.6274 27.9462 23.3885 20.6824 20.5544 23.014 27.3389 32.8003 38.8417 45.0787 51.2553 57.2011 62.7999 67.9691 72.6473 76.7868 80.3493 83.3044 85.6276 87.3002 88.3091 88.6463 88.3091 87.3002 85.6275 83.3042 80.349 76.786 72.646 67.9666 62.7951 57.1921 51.2387 45.0482 38.7863 32.701 27.1642 22.7137 20.0548 19.8918 22.2371 26.3913 31.6484 37.4692 43.4813 49.4366 55.1701 60.5694 65.5547 70.0665 74.0588 77.4948 80.3448 82.5855 84.1987 85.1717 85.4969 85.1717 84.1986 82.5854 80.3446 77.4943 74.0579 70.0649 65.5516 60.5635 55.159 49.4161 43.4436 37.4008 31.5258 26.1754 21.8659 19.2745 19.0779 21.2909 25.2428 30.2557 35.8116 41.553 47.2416 52.7192 57.878 62.6414 66.9525 70.7672 74.0504 76.7738 78.9148 80.4564 81.3861 81.6968 81.3861 80.4563 78.9147 76.7735 74.0499 70.7662 66.9505 62.6376 57.871 52.7061 47.2174 41.5084 35.7307 30.1106 24.9874 20.8518 18.3475 18.1187 20.1827 23.9022 28.6326 33.8814 39.3083 44.687 49.8671 54.746 59.2513 63.3289 66.9371 70.0425 72.6185 74.6436 76.1017 76.9811 77.275 76.9811 76.1016 74.6435 72.6181 70.0419 66.9359 63.3267 59.247 54.738 49.8521 44.6593 39.2573 33.7886 28.4662 23.6092 19.6789 17.2808 17.0215 18.9207 22.3795 26.7915 31.6932 36.7645 41.7924 46.6354 51.1974 55.4102 59.2233 62.5975 65.5016 67.9105 69.8043 71.1678 71.9903 72.2651 71.9902 71.1677 69.8041 67.9101 65.5009 62.5962 59.2208 55.4055 51.1885 46.6187 41.7614 36.7074 31.5894 26.6052 22.0512 18.3561 16.0824 15.7946 17.5145 20.6863 24.7464 29.2638 33.9408 38.5796 43.0487 47.2591 51.1475 54.667 57.7815 60.4621 62.6856 64.4337 65.6924 66.4515 66.7052 66.4515 65.6923 64.4335 62.6852 60.4613 57.7801 54.6643 51.1424 47.2494 43.0305 38.5456 33.8782 29.1498 24.5417 20.3254 16.8935 14.7614 14.4471 15.9746 18.8353 22.5126 26.6113 30.8586 35.073 39.1344 42.9611 46.4954 49.6946 52.5257 54.9624 56.9837 58.5728 59.7169 60.407 60.6376 60.407 59.7168 58.5726 56.9833 54.9617 52.5242 49.6918 46.49 42.9508 39.1149 35.0366 30.7913 26.4884 22.2914 18.4448 15.302 13.3274 12.989 14.3123 16.8402 20.1068 23.7558 27.5412 31.2993 34.9221 38.3361 41.4895 44.344 46.8702 49.0445 50.8481 52.2661 53.287 53.9028 54.1086 53.9027 53.2869 52.2659 50.8477 49.0437 46.8687 44.3411 41.4838 38.3253 34.9017 31.2611 27.4701 23.6256 19.8716 16.4237 13.5935 11.791 11.4304 12.5394 14.7154 17.5469 20.7188 24.0136 27.2871 30.4438 33.4192 36.1677 38.6559 40.8579 42.7533 44.3255 45.5616 46.4515 46.9883 47.1677 46.9883 46.4514 45.5614 44.3251 42.7525 40.8564 38.653 36.162 33.4083 30.4231 27.2479 23.9403 20.5834 17.301 14.2777 11.7809 10.163 9.78178 10.6677 12.4756 14.8512 17.5225 20.3024 23.0667 25.7335 28.2477 30.5706 32.6735 34.5347 36.1367 37.4655 38.5103 39.2625 39.7162 39.8679 39.7162 39.2624 38.5101 37.4652 36.1359 34.5332 32.6707 30.5651 28.2371 25.7132 23.0278 20.2291 17.3857 14.5999 12.0239 9.87808 8.45413 8.05213 8.70775 10.1353 12.0385 14.1905 16.4353 18.6699 20.827 22.8611 24.7407 26.4424 27.9486 29.245 30.3204 31.166 31.7747 32.1419 32.2646 32.1419 31.7746 31.1658 30.3201 29.2444 27.9473 26.4399 24.7357 22.8513 20.808 18.6333 16.3652 14.0578 11.7907 9.68164 7.90078 6.67517 6.24665 6.66694 7.70712 9.12763 10.7467 12.441 14.13 15.7613 17.3002 18.7224 20.01 21.1498 22.1308 22.9446 23.5844 24.0451 24.3229 24.4158 24.3229 24.045 23.5843 22.9443 22.1302 21.1487 20.0079 18.7182 17.2919 15.7451 14.0982 12.379 10.6269 8.89816 7.27427 5.87003 4.8383 4.35869 4.54525 5.2015 6.13699 7.21588 8.34945 9.48126 10.5752 11.6074 12.5614 13.4253 14.1899 14.8481 15.3941 15.8234 16.1325 16.3189 16.3812 16.3189 16.1324 15.8233 15.3939 14.8477 14.1892 13.4238 12.5583 11.6013 10.5631 9.45732 8.30193 7.12165 5.9503 4.83252 3.82133 2.96913 2.34211 2.32941 2.627 3.08619 3.62405 4.19162 4.75914 5.30796 5.82594 6.30473 6.7383 7.12207 7.45242 7.72646 7.94191 8.09704 8.1906 8.22187 8.19059 8.09701 7.94186 7.72636 7.45221 7.12167 6.7375 6.30311 5.82271 5.30149 4.74615 4.16541 3.57078 2.97655 2.39638 1.8259 1.17405 
1.32469 1.98137 2.50323 3.022 3.55885 4.10542 4.64765 5.17253 5.66948 6.13033 6.54874 6.91981 7.23965 7.50521 7.71414 7.86462 7.95541 7.98576 7.95544 7.8647 7.7143 7.50553 7.24024 6.92093 6.55086 6.13431 5.67693 5.18643 4.67355 4.15365 3.64891 3.19166 2.82931 2.63386 2.72925 3.39487 4.17754 5.06451 6.04932 7.10183 8.18431 9.26201 10.3066 11.2963 12.2142 13.0477 13.787 14.4242 14.9533 15.3696 15.6694 15.8503 15.9108 15.8503 15.6695 15.3699 14.9539 14.4254 13.7891 13.0518 12.2218 11.3103 10.3327 9.31011 8.27259 7.26312 6.34269 5.59577 5.13349 5.0874 5.56703 6.45264 7.64728 9.05987 10.6046 12.2075 13.809 15.3638 16.8378 18.2055 19.4476 20.5493 21.4991 22.2876 22.908 23.3549 23.6245 23.7147 23.6246 23.3551 22.9085 22.2885 21.5007 20.5524 19.4532 18.2159 16.8571 15.3992 13.8736 12.324 10.8126 9.42601 8.2804 7.51953 7.29467 7.70806 8.71841 10.204 12.0214 14.0379 16.1437 18.254 20.3056 22.2519 24.0586 25.6997 27.1554 28.4103 29.4524 30.2722 30.8627 31.219 31.3381 31.2191 30.863 30.2727 29.4534 28.4123 27.1591 25.7065 24.0712 22.2749 20.3473 18.329 16.2769 14.2711 12.4219 10.8752 9.80816 9.40278 9.78346 10.9296 12.6974 14.9027 17.3717 19.9614 22.5625 25.0942 27.4975 29.729 31.7564 33.5549 35.1054 36.393 37.4059 38.1356 38.5758 38.723 38.5759 38.1359 37.4066 36.3941 35.1076 33.559 31.7639 29.7428 27.5226 25.1394 22.6428 20.1022 17.6144 15.3124 13.371 12.0012 11.4196 11.7773 13.0598 15.1 17.6762 20.5774 23.6299 26.701 29.6928 32.5343 35.1735 37.5715 39.6991 41.5334 43.0566 44.255 45.1183 45.6391 45.8132 45.6392 45.1186 44.2557 43.0579 41.5357 39.7034 37.5795 35.1879 32.5603 29.7392 26.7827 23.7718 20.8192 18.0795 15.7556 14.0919 13.3398 13.6765 15.0902 17.3895 20.3176 23.6288 27.1203 30.6374 34.0662 37.324 40.3505 43.1009 45.5412 47.6453 49.3926 50.7673 51.7576 52.355 52.5547 52.3551 51.7579 50.768 49.3939 47.6477 45.5456 43.1089 40.3649 37.3498 34.112 30.7176 27.2585 23.8626 20.7051 18.0151 16.0696 15.1534 15.4687 17.0048 19.5472 22.8054 26.5013 30.4051 34.3413 38.1807 41.8298 45.2205 48.3023 51.0368 53.3946 55.3527 56.8933 58.003 58.6725 58.8963 58.6726 58.0033 56.8939 55.354 53.397 51.0411 48.3101 45.2345 41.8548 38.2247 34.4179 30.5366 26.7227 23.1706 20.1347 17.922 16.849 17.1413 18.7893 21.5561 25.1201 29.1727 33.459 37.7841 42.0048 46.0175 49.7466 53.1362 56.1441 58.7376 60.8916 62.5862 63.8069 64.5434 64.7896 64.5436 63.8073 62.5869 60.8928 58.7399 56.1481 53.1436 49.7598 46.041 42.0462 37.8558 33.5815 29.3784 25.4585 22.0994 19.6363 18.415 18.6825 20.4302 23.4007 27.2436 31.6223 36.2585 40.9396 45.5095 49.8551 53.8941 57.5657 60.824 63.6336 65.967 67.8029 69.1253 69.9232 70.1899 69.9233 69.1256 67.8035 65.9681 63.6357 60.8278 57.5725 53.9063 49.8767 45.5474 41.0052 36.3704 31.8099 27.5519 23.8951 21.2003 19.84 20.0809 21.9153 25.0671 29.1598 33.8313 38.7821 43.7836 48.6678 53.3132 57.6314 61.5572 65.0411 68.0453 70.5404 72.5035 73.9176 74.7707 75.0559 74.7709 73.9178 72.504 70.5414 68.0472 65.0445 61.5633 57.6424 53.3327 48.7019 43.8424 38.8823 33.999 29.4352 25.5085 22.6025 21.1136 21.3261 23.2334 26.5427 30.8541 35.7828 41.0106 46.2944 51.4559 56.3657 60.9302 65.0801 68.7632 71.9392 74.5769 76.6523 78.1473 79.0493 79.3508 79.0494 78.1475 76.6528 74.5778 71.9408 68.7662 65.0855 60.9399 56.3827 51.4856 46.3458 41.0981 35.9292 31.0943 26.9275 23.8325 22.2263 22.4089 24.3745 27.8161 32.3135 37.4619 42.927 48.453 53.8523 58.9892 63.7653 68.1078 71.9619 75.2855 78.0459 80.2178 81.7823 82.7262 83.0417 82.7263 81.7825 80.2182 78.0467 75.2869 71.9645 68.1124 63.7735 59.0037 53.8775 48.4965 43.001 37.5858 32.5165 28.1415 24.8809 23.1697 23.321 25.3301 28.8778 33.5269 38.856 44.5167 50.2427 55.8389 61.1638 66.1151 70.6172 74.613 78.0589 80.9209 83.1727 84.7948 85.7735 86.1006 85.7736 84.795 83.1731 80.9215 78.0601 74.6151 70.6209 66.1217 61.1755 55.8593 50.278 44.5766 38.9562 33.6913 29.1411 25.7399 23.9367 24.0556 26.0928 29.7198 34.4852 39.9544 45.7676 51.6501 57.4005 62.8729 67.9617 72.5891 76.6963 80.2382 83.18 85.4947 87.162 88.168 88.5043 88.1681 87.1622 85.4949 83.1805 80.2391 76.6978 72.5919 67.9667 62.8817 57.4159 51.6768 45.8129 40.0302 34.6096 29.919 26.4029 24.5215 24.6071 26.657 30.3355 35.181 40.7486 46.6702 52.6645 58.5252 64.1035 69.2911 74.0085 78.1958 81.8069 84.8061 87.166 88.8659 89.8915 90.2344 89.8916 88.866 87.1662 84.8064 81.8075 78.1968 74.0104 69.2945 64.1094 58.5356 52.6824 46.7006 40.7995 35.2645 30.4692 26.865 24.9197 24.9713 27.0182 30.7203 35.6091 41.2328 47.2176 53.278 59.2046 64.8462 70.0932 74.8647 79.1002 82.7529 85.7868 88.1739 89.8935 90.9309 91.2777 90.931 89.8935 88.174 85.7869 82.7532 79.1007 74.8657 70.0948 64.8492 59.2098 53.2869 47.2328 41.2583 35.651 30.7874 27.1226 25.1282 25.1454 27.1738 30.8713 35.7661 41.4031 47.4056 53.486 59.4334 65.0954 70.3617 75.1512 79.4026 83.0692 86.1145 88.5107 90.2369 91.2783 91.6264 91.2783 90.2369 88.5107 86.1145 83.0692 79.4026 75.1512 70.3617 65.0954 59.4334 53.486 47.4056 41.4031 35.7661 30.8713 27.1738 25.1454 25.1282 27.1226 30.7874 35.651 41.2583 47.2328 53.2869 59.2098 64.8492 70.0948 74.8657 79.1007 82.7532 85.7869 88.174 89.8935 90.931 91.2777 90.9309 89.8935 88.1739 85.7868 82.7529 79.1002 74.8647 70.0932 64.8462 59.2046 53.278 47.2176 41.2328 35.6091 30.7203 27.0182 24.9713 24.9197 26.865 30.4692 35.2645 40.7995 46.7006 52.6824 58.5356 64.1094 69.2945 74.0104 78.1968 81.8075 84.8064 87.1662 88.866 89.8916 90.2344 89.8915 88.8659 87.166 84.8061 81.8069 78.1958 74.0085 69.2911 64.1035 58.5252 52.6645 46.6702 40.7486 35.181 30.3355 26.657 24.6071 24.5215 26.4029 29.919 34.6096 40.0302 45.8129 51.6768 57.4159 62.8817 67.9667 72.5919 76.6978 80.2391 83.1805 85.4949 87.1622 88.1681 88.5043 88.168 87.162 85.4947 83.18 80.2382 76.6963 72.5891 67.9617 62.8729 57.4005 51.6501 45.7676 39.9544 34.4852 29.7198 26.0928 24.0556 23.9367 25.7399 29.1411 33.6913 38.9562 44.5766 50.278 55.8593 61.1755 66.1217 70.6209 74.6151 78.0601 80.9215 83.1731 84.795 85.7736 86.1006 85.7735 84.7948 83.1727 80.9209 78.0589 74.613 70.6172 66.1151 61.1638 55.8389 50.2427 44.5167 38.856 33.5269 28.8778 25.3301 23.321 23.1697 24.8809 28.1415 32.5165 37.5858 43.001 48.4965 53.8775 59.0037 63.7735 68.1124 71.9645 75.2869 78.0467 80.2182 81.7825 82.7263 83.0417 82.7262 81.7823 80.2178 78.0459 75.2855 71.9619 68.1078 63.7653 58.9892 53.8523 48.453 42.927 37.4619 32.3135 27.8161 24.3745 22.4089 22.2263 23.8325 26.9275 31.0943 35.9292 41.0981 46.3458 51.4856 56.3827 60.9399 65.0855 68.7662 71.9408 74.5778 76.6528 78.1475 79.0494 79.3508 79.0493 78.1473 76.6523 74.5769 71.9392 68.7632 65.0801 60.9302 56.3657 51.4559 46.2944 41.0106 35.7828 30.8541 26.5427 23.2334 21.3261 21.1136 22.6025 25.5085 29.4352 33.999 38.8823 43.8424 48.7019 53.3327 57.6424 61.5633 65.0445 68.0472 70.5414 72.504 73.9178 74.7709 75.0559 74.7707 73.9176 72.5035 70.5404 68.0453 65.0411 61.5572 57.6314 53.3132 48.6678 43.7836 38.7821 33.8313 29.1598 25.0671 21.9153 20.0809 19.84 21.2003 23.8951 27.5519 31.8099 36.3704 41.0052 45.5474 49.8767 53.9063 57.5725 60.8278 63.6357 65.9681 67.8035 69.1256 69.9233 70.1899 69.9232 69.1253 67.8029 65.967 63.6336 60.824 57.5657 53.8941 49.8551 45.5095 40.9396 36.2585 31.6223 27.2436 23.4007 20.4302 18.6825 18.415 19.6363 22.0994 25.4585 29.3784 33.5815 37.8558 42.0462 46.041 49.7598 53.1436 56.1481 58.7399 60.8928 62.5869 63.8073 64.5436 64.7896 64.5434 63.8069 62.5862 60.8916 58.7376 56.1441 53.1362 49.7466 46.0175 42.0048 37.7841 33.459 29.1727 25.1201 21.5561 18.7893 17.1413 16.849 17.922 20.1347 23.1706 26.7227 30.5366 34.4179 38.2247 41.8548 45.2345 48.3101 51.0411 53.397 55.354 56.8939 58.0033 58.6726 58.8963 58.6725 58.003 56.8933 55.3527 53.3946 51.0368 48.3023 45.2205 41.8298 38.1807 34.3413 30.4051 26.5013 22.8054 19.5472 17.0048 15.4687 15.1534 16.0696 18.0151 20.7051 23.8626 27.2585 30.7176 34.112 37.3498 40.3649 43.1089 45.5456 47.6477 49.3939 50.768 51.7579 52.3551 52.5547 52.355 51.7576 50.7673 49.3926 47.6453 45.5412 43.1009 40.3505 37.324 34.0662 30.6374 27.1203 23.6288 20.3176 17.3895 15.0902 13.6765 13.3398 14.0919 15.7556 18.0795 20.8192 23.7718 26.7827 29.7392 32.5603 35.1879 37.5795 39.7034 41.5357 43.0579 44.2557 45.1186 45.6392 45.8132 45.6391 45.1183 44.255 43.0566 41.5334 39.6991 37.5715 35.1735 32.5343 29.6928 26.701 23.6299 20.5774 17.6762 15.1 13.0598 11.7773 11.4196 12.0012 13.371 15.3124 17.6144 20.1022 22.6428 25.1394 27.5226 29.7428 31.7639 33.559 35.1076 36.3941 37.4066 38.1359 38.5759 38.723 38.5758 38.1356 37.4059 36.393 35.1054 33.5549 31.7564 29.729 27.4975 25.0942 22.5625 19.9614 17.3717 14.9027 12.6974 10.9296 9.78346 9.40278 9.80816 10.8752 12.4219 14.2711 16.2769 18.329 20.3473 22.2749 24.0712 25.7065 27.1591 28.4123 29.4534 30.2727 30.863 31.2191 31.3381 31.219 30.8627 30.2722 29.4524 28.4103 27.1554 25.6997 24.0586 22.2519 20.3056 18.254 16.1437 14.0379 12.0214 10.204 8.71841 7.70806 7.29467 7.51953 8.2804 9.42601 10.8126 12.324 13.8736 15.3992 16.8571 18.2159 19.4532 20.5524 21.5007 22.2885 22.9085 23.3551 23.6246 23.7147 23.6245 23.3549 22.908 22.2876 21.4991 20.5493 19.4476 18.2055 16.8378 15.3638 13.809 12.2075 10.6046 9.05987 7.64728 6.45264 5.56703 5.0874 5.13349 5.59577 6.34269 7.26312 8.27259 9.31011 10.3327 11.3103 12.2218 13.0518 13.7891 14.4254 14.9539 15.3699 15.6695 15.8503 15.9108 15.8503 15.6694 15.3696 14.9533 14.4242 13.787 13.0477 12.2142 11.2963 10.3066 9.26201 8.18431 7.10183 6.04932 5.06451 4.17754 3.39487 2.72925 2.63386 2.82931 3.19166 3.64891 4.15365 4.67355 5.18643 5.67693 6.13431 6.55086 6.92093 7.24024 7.50553 7.7143 7.8647 7.95544 7.98576 7.95541 7.86462 7.71414 7.50521 7.23965 6.91981 6.54874 6.13033 5.66948 5.17253 4.64765 4.10542 3.55885 3.022 2.50323 1.98137 1.32469 
